(kicad_pcb (version 20171130) (host pcbnew "(5.1.5)-3")

  (general
    (thickness 1.6)
    (drawings 7)
    (tracks 58)
    (zones 0)
    (modules 26)
    (nets 12)
  )

  (page A3)
  (title_block
    (title "Hall Effect Sensor")
    (date 2020-06-18)
    (rev "Rev. 1")
    (company "Nanodyn Systems")
    (comment 1 "Designed by Renard Senekal")
  )

  (layers
    (0 F.Cu signal hide)
    (31 B.Cu signal)
    (32 B.Adhes user)
    (33 F.Adhes user)
    (34 B.Paste user)
    (35 F.Paste user)
    (36 B.SilkS user)
    (37 F.SilkS user)
    (38 B.Mask user)
    (39 F.Mask user)
    (40 Dwgs.User user)
    (41 Cmts.User user)
    (42 Eco1.User user)
    (43 Eco2.User user)
    (44 Edge.Cuts user)
    (45 Margin user)
    (46 B.CrtYd user)
    (47 F.CrtYd user)
    (48 B.Fab user)
    (49 F.Fab user)
  )

  (setup
    (last_trace_width 0.25)
    (user_trace_width 0.25)
    (user_trace_width 0.5)
    (user_trace_width 1)
    (user_trace_width 2)
    (user_trace_width 4)
    (trace_clearance 0.2)
    (zone_clearance 1)
    (zone_45_only no)
    (trace_min 0.2)
    (via_size 0.8)
    (via_drill 0.4)
    (via_min_size 0.4)
    (via_min_drill 0.3)
    (user_via 1 0.5)
    (user_via 2 1)
    (uvia_size 0.3)
    (uvia_drill 0.1)
    (uvias_allowed no)
    (uvia_min_size 0.2)
    (uvia_min_drill 0.1)
    (edge_width 0.05)
    (segment_width 0.2)
    (pcb_text_width 0.3)
    (pcb_text_size 1.5 1.5)
    (mod_edge_width 0.12)
    (mod_text_size 1 1)
    (mod_text_width 0.15)
    (pad_size 1.524 1.524)
    (pad_drill 0.762)
    (pad_to_mask_clearance 0.051)
    (solder_mask_min_width 0.25)
    (aux_axis_origin 0 0)
    (visible_elements 7FFFFFFF)
    (pcbplotparams
      (layerselection 0x010f0_ffffffff)
      (usegerberextensions false)
      (usegerberattributes false)
      (usegerberadvancedattributes false)
      (creategerberjobfile false)
      (excludeedgelayer false)
      (linewidth 0.100000)
      (plotframeref false)
      (viasonmask false)
      (mode 1)
      (useauxorigin false)
      (hpglpennumber 1)
      (hpglpenspeed 20)
      (hpglpendiameter 15.000000)
      (psnegative false)
      (psa4output false)
      (plotreference true)
      (plotvalue true)
      (plotinvisibletext false)
      (padsonsilk false)
      (subtractmaskfromsilk false)
      (outputformat 1)
      (mirror false)
      (drillshape 0)
      (scaleselection 1)
      (outputdirectory "Gerbers/"))
  )

  (net 0 "")
  (net 1 +5V)
  (net 2 GNDA)
  (net 3 "Net-(C2-Pad2)")
  (net 4 "Net-(C4-Pad2)")
  (net 5 "Net-(MH4-Pad1)")
  (net 6 "Net-(MH5-Pad1)")
  (net 7 "Net-(MH6-Pad1)")
  (net 8 "Net-(MH7-Pad1)")
  (net 9 "Net-(R2-Pad2)")
  (net 10 "Net-(R3-Pad2)")
  (net 11 Earth)

  (net_class Default "This is the default net class."
    (clearance 0.2)
    (trace_width 0.25)
    (via_dia 0.8)
    (via_drill 0.4)
    (uvia_dia 0.3)
    (uvia_drill 0.1)
    (add_net +5V)
    (add_net Earth)
    (add_net GNDA)
    (add_net "Net-(C2-Pad2)")
    (add_net "Net-(C4-Pad2)")
    (add_net "Net-(MH4-Pad1)")
    (add_net "Net-(MH5-Pad1)")
    (add_net "Net-(MH6-Pad1)")
    (add_net "Net-(MH7-Pad1)")
    (add_net "Net-(R2-Pad2)")
    (add_net "Net-(R3-Pad2)")
  )

  (module Amp_Hall_Effect_Sensor:C0805 (layer F.Cu) (tedit 5EEB2144) (tstamp 5EEBAA95)
    (at 240.5 166 270)
    (path /5EEA35DC)
    (fp_text reference C1 (at 2.5 0 180) (layer F.SilkS)
      (effects (font (size 1 1) (thickness 0.15)))
    )
    (fp_text value 1u (at -2.5 0 180) (layer F.Fab)
      (effects (font (size 1 1) (thickness 0.15)))
    )
    (fp_line (start -1 0.6) (end -1 -0.6) (layer F.Fab) (width 0.1))
    (fp_line (start -0.258578 0.71) (end 0.258578 0.71) (layer F.SilkS) (width 0.12))
    (fp_line (start 1 0.6) (end -1 0.6) (layer F.Fab) (width 0.1))
    (fp_line (start -1.68 -0.95) (end 1.68 -0.95) (layer F.CrtYd) (width 0.05))
    (fp_line (start 1.68 -0.95) (end 1.68 0.95) (layer F.CrtYd) (width 0.05))
    (fp_line (start 1.68 0.95) (end -1.68 0.95) (layer F.CrtYd) (width 0.05))
    (fp_line (start -0.258578 -0.71) (end 0.258578 -0.71) (layer F.SilkS) (width 0.12))
    (fp_line (start 1 -0.6) (end 1 0.6) (layer F.Fab) (width 0.1))
    (fp_line (start -1.68 0.95) (end -1.68 -0.95) (layer F.CrtYd) (width 0.05))
    (fp_line (start -1 -0.6) (end 1 -0.6) (layer F.Fab) (width 0.1))
    (pad 1 smd roundrect (at -0.9375 0 270) (size 0.975 1.4) (layers F.Cu F.Paste F.Mask) (roundrect_rratio 0.25)
      (net 1 +5V))
    (pad 2 smd roundrect (at 0.9375 0 270) (size 0.975 1.4) (layers F.Cu F.Paste F.Mask) (roundrect_rratio 0.25)
      (net 2 GNDA))
  )

  (module Amp_Hall_Effect_Sensor:C0805 (layer F.Cu) (tedit 5EEB2144) (tstamp 5EEBAA68)
    (at 253 166 270)
    (path /5EEAB992)
    (fp_text reference C2 (at -2.5 0 180) (layer F.SilkS)
      (effects (font (size 1 1) (thickness 0.15)))
    )
    (fp_text value Clfp (at 2.5 0 180) (layer F.Fab)
      (effects (font (size 1 1) (thickness 0.15)))
    )
    (fp_line (start -1 0.6) (end -1 -0.6) (layer F.Fab) (width 0.1))
    (fp_line (start -0.258578 0.71) (end 0.258578 0.71) (layer F.SilkS) (width 0.12))
    (fp_line (start 1 0.6) (end -1 0.6) (layer F.Fab) (width 0.1))
    (fp_line (start -1.68 -0.95) (end 1.68 -0.95) (layer F.CrtYd) (width 0.05))
    (fp_line (start 1.68 -0.95) (end 1.68 0.95) (layer F.CrtYd) (width 0.05))
    (fp_line (start 1.68 0.95) (end -1.68 0.95) (layer F.CrtYd) (width 0.05))
    (fp_line (start -0.258578 -0.71) (end 0.258578 -0.71) (layer F.SilkS) (width 0.12))
    (fp_line (start 1 -0.6) (end 1 0.6) (layer F.Fab) (width 0.1))
    (fp_line (start -1.68 0.95) (end -1.68 -0.95) (layer F.CrtYd) (width 0.05))
    (fp_line (start -1 -0.6) (end 1 -0.6) (layer F.Fab) (width 0.1))
    (pad 1 smd roundrect (at -0.9375 0 270) (size 0.975 1.4) (layers F.Cu F.Paste F.Mask) (roundrect_rratio 0.25)
      (net 2 GNDA))
    (pad 2 smd roundrect (at 0.9375 0 270) (size 0.975 1.4) (layers F.Cu F.Paste F.Mask) (roundrect_rratio 0.25)
      (net 3 "Net-(C2-Pad2)"))
  )

  (module Amp_Hall_Effect_Sensor:C0805 (layer F.Cu) (tedit 5EEB2144) (tstamp 5EEBA72C)
    (at 205.5 166 270)
    (path /5EEBA5A9)
    (fp_text reference C3 (at 2.5 0 180) (layer F.SilkS)
      (effects (font (size 1 1) (thickness 0.15)))
    )
    (fp_text value 1u (at -2.5 0 180) (layer F.Fab)
      (effects (font (size 1 1) (thickness 0.15)))
    )
    (fp_line (start -1 -0.6) (end 1 -0.6) (layer F.Fab) (width 0.1))
    (fp_line (start -1.68 0.95) (end -1.68 -0.95) (layer F.CrtYd) (width 0.05))
    (fp_line (start 1 -0.6) (end 1 0.6) (layer F.Fab) (width 0.1))
    (fp_line (start -0.258578 -0.71) (end 0.258578 -0.71) (layer F.SilkS) (width 0.12))
    (fp_line (start 1.68 0.95) (end -1.68 0.95) (layer F.CrtYd) (width 0.05))
    (fp_line (start 1.68 -0.95) (end 1.68 0.95) (layer F.CrtYd) (width 0.05))
    (fp_line (start -1.68 -0.95) (end 1.68 -0.95) (layer F.CrtYd) (width 0.05))
    (fp_line (start 1 0.6) (end -1 0.6) (layer F.Fab) (width 0.1))
    (fp_line (start -0.258578 0.71) (end 0.258578 0.71) (layer F.SilkS) (width 0.12))
    (fp_line (start -1 0.6) (end -1 -0.6) (layer F.Fab) (width 0.1))
    (pad 2 smd roundrect (at 0.9375 0 270) (size 0.975 1.4) (layers F.Cu F.Paste F.Mask) (roundrect_rratio 0.25)
      (net 2 GNDA))
    (pad 1 smd roundrect (at -0.9375 0 270) (size 0.975 1.4) (layers F.Cu F.Paste F.Mask) (roundrect_rratio 0.25)
      (net 1 +5V))
  )

  (module Amp_Hall_Effect_Sensor:C0805 (layer F.Cu) (tedit 5EEB2144) (tstamp 5EEBA6FF)
    (at 218 166 270)
    (path /5EEBA5C4)
    (fp_text reference C4 (at -2.5 0 180) (layer F.SilkS)
      (effects (font (size 1 1) (thickness 0.15)))
    )
    (fp_text value Clfp (at 2.5 0 180) (layer F.Fab)
      (effects (font (size 1 1) (thickness 0.15)))
    )
    (fp_line (start -1 0.6) (end -1 -0.6) (layer F.Fab) (width 0.1))
    (fp_line (start -0.258578 0.71) (end 0.258578 0.71) (layer F.SilkS) (width 0.12))
    (fp_line (start 1 0.6) (end -1 0.6) (layer F.Fab) (width 0.1))
    (fp_line (start -1.68 -0.95) (end 1.68 -0.95) (layer F.CrtYd) (width 0.05))
    (fp_line (start 1.68 -0.95) (end 1.68 0.95) (layer F.CrtYd) (width 0.05))
    (fp_line (start 1.68 0.95) (end -1.68 0.95) (layer F.CrtYd) (width 0.05))
    (fp_line (start -0.258578 -0.71) (end 0.258578 -0.71) (layer F.SilkS) (width 0.12))
    (fp_line (start 1 -0.6) (end 1 0.6) (layer F.Fab) (width 0.1))
    (fp_line (start -1.68 0.95) (end -1.68 -0.95) (layer F.CrtYd) (width 0.05))
    (fp_line (start -1 -0.6) (end 1 -0.6) (layer F.Fab) (width 0.1))
    (pad 1 smd roundrect (at -0.9375 0 270) (size 0.975 1.4) (layers F.Cu F.Paste F.Mask) (roundrect_rratio 0.25)
      (net 2 GNDA))
    (pad 2 smd roundrect (at 0.9375 0 270) (size 0.975 1.4) (layers F.Cu F.Paste F.Mask) (roundrect_rratio 0.25)
      (net 4 "Net-(C4-Pad2)"))
  )

  (module Amp_Hall_Effect_Sensor:C0805 (layer F.Cu) (tedit 5EEB2144) (tstamp 5EEBA909)
    (at 238 166 270)
    (path /5EEA3EEE)
    (fp_text reference C5 (at 2.5 0 180) (layer F.SilkS)
      (effects (font (size 1 1) (thickness 0.15)))
    )
    (fp_text value 100n (at -2.5 0.5 180) (layer F.Fab)
      (effects (font (size 1 1) (thickness 0.15)))
    )
    (fp_line (start -1 -0.6) (end 1 -0.6) (layer F.Fab) (width 0.1))
    (fp_line (start -1.68 0.95) (end -1.68 -0.95) (layer F.CrtYd) (width 0.05))
    (fp_line (start 1 -0.6) (end 1 0.6) (layer F.Fab) (width 0.1))
    (fp_line (start -0.258578 -0.71) (end 0.258578 -0.71) (layer F.SilkS) (width 0.12))
    (fp_line (start 1.68 0.95) (end -1.68 0.95) (layer F.CrtYd) (width 0.05))
    (fp_line (start 1.68 -0.95) (end 1.68 0.95) (layer F.CrtYd) (width 0.05))
    (fp_line (start -1.68 -0.95) (end 1.68 -0.95) (layer F.CrtYd) (width 0.05))
    (fp_line (start 1 0.6) (end -1 0.6) (layer F.Fab) (width 0.1))
    (fp_line (start -0.258578 0.71) (end 0.258578 0.71) (layer F.SilkS) (width 0.12))
    (fp_line (start -1 0.6) (end -1 -0.6) (layer F.Fab) (width 0.1))
    (pad 2 smd roundrect (at 0.9375 0 270) (size 0.975 1.4) (layers F.Cu F.Paste F.Mask) (roundrect_rratio 0.25)
      (net 2 GNDA))
    (pad 1 smd roundrect (at -0.9375 0 270) (size 0.975 1.4) (layers F.Cu F.Paste F.Mask) (roundrect_rratio 0.25)
      (net 1 +5V))
  )

  (module Amp_Hall_Effect_Sensor:C0805 (layer F.Cu) (tedit 5EEB2144) (tstamp 5EEBA6C6)
    (at 203 166 270)
    (path /5EEBA5BD)
    (fp_text reference C6 (at 2.5 0 180) (layer F.SilkS)
      (effects (font (size 1 1) (thickness 0.15)))
    )
    (fp_text value 100n (at -2.5 0.5 180) (layer F.Fab)
      (effects (font (size 1 1) (thickness 0.15)))
    )
    (fp_line (start -1 -0.6) (end 1 -0.6) (layer F.Fab) (width 0.1))
    (fp_line (start -1.68 0.95) (end -1.68 -0.95) (layer F.CrtYd) (width 0.05))
    (fp_line (start 1 -0.6) (end 1 0.6) (layer F.Fab) (width 0.1))
    (fp_line (start -0.258578 -0.71) (end 0.258578 -0.71) (layer F.SilkS) (width 0.12))
    (fp_line (start 1.68 0.95) (end -1.68 0.95) (layer F.CrtYd) (width 0.05))
    (fp_line (start 1.68 -0.95) (end 1.68 0.95) (layer F.CrtYd) (width 0.05))
    (fp_line (start -1.68 -0.95) (end 1.68 -0.95) (layer F.CrtYd) (width 0.05))
    (fp_line (start 1 0.6) (end -1 0.6) (layer F.Fab) (width 0.1))
    (fp_line (start -0.258578 0.71) (end 0.258578 0.71) (layer F.SilkS) (width 0.12))
    (fp_line (start -1 0.6) (end -1 -0.6) (layer F.Fab) (width 0.1))
    (pad 2 smd roundrect (at 0.9375 0 270) (size 0.975 1.4) (layers F.Cu F.Paste F.Mask) (roundrect_rratio 0.25)
      (net 2 GNDA))
    (pad 1 smd roundrect (at -0.9375 0 270) (size 0.975 1.4) (layers F.Cu F.Paste F.Mask) (roundrect_rratio 0.25)
      (net 1 +5V))
  )

  (module Amp_Hall_Effect_Sensor:Tab_S (layer F.Cu) (tedit 5EEB240D) (tstamp 5EEBA8E6)
    (at 240.5 171)
    (path /5EEAF911)
    (fp_text reference J1 (at 0 2.5) (layer F.SilkS)
      (effects (font (size 1 1) (thickness 0.15)))
    )
    (fp_text value Tab_S (at -4 0) (layer F.Fab)
      (effects (font (size 1 1) (thickness 0.15)))
    )
    (pad 1 thru_hole circle (at 0 0) (size 3 3) (drill 1.5) (layers *.Cu *.Mask)
      (net 1 +5V))
  )

  (module Amp_Hall_Effect_Sensor:Tab_S (layer F.Cu) (tedit 5EEB240D) (tstamp 5EEBA8F2)
    (at 245.5 171)
    (path /5EEB14A2)
    (fp_text reference J2 (at 0 2.5) (layer F.SilkS)
      (effects (font (size 1 1) (thickness 0.15)))
    )
    (fp_text value Tab_S (at 0 -2.5) (layer F.Fab)
      (effects (font (size 1 1) (thickness 0.15)))
    )
    (pad 1 thru_hole circle (at 0 0) (size 3 3) (drill 1.5) (layers *.Cu *.Mask)
      (net 2 GNDA))
  )

  (module Amp_Hall_Effect_Sensor:Tab_S (layer F.Cu) (tedit 5EEB240D) (tstamp 5EEBA8DA)
    (at 250.5 171)
    (path /5EEB1CB2)
    (fp_text reference J3 (at 0 2.5) (layer F.SilkS)
      (effects (font (size 1 1) (thickness 0.15)))
    )
    (fp_text value Tab_S (at 4 0) (layer F.Fab)
      (effects (font (size 1 1) (thickness 0.15)))
    )
    (pad 1 thru_hole circle (at 0 0) (size 3 3) (drill 1.5) (layers *.Cu *.Mask)
      (net 3 "Net-(C2-Pad2)"))
  )

  (module Amp_Hall_Effect_Sensor:Tab_S (layer F.Cu) (tedit 5EEB240D) (tstamp 5EEBA676)
    (at 205.5 171)
    (path /5EEBA5D4)
    (fp_text reference J4 (at 0 2.5) (layer F.SilkS)
      (effects (font (size 1 1) (thickness 0.15)))
    )
    (fp_text value Tab_S (at -4 0) (layer F.Fab)
      (effects (font (size 1 1) (thickness 0.15)))
    )
    (pad 1 thru_hole circle (at 0 0) (size 3 3) (drill 1.5) (layers *.Cu *.Mask)
      (net 1 +5V))
  )

  (module Amp_Hall_Effect_Sensor:Tab_S (layer F.Cu) (tedit 5EEB240D) (tstamp 5EEBA6AF)
    (at 210.5 171)
    (path /5EEBA5DC)
    (fp_text reference J5 (at 0 2.5) (layer F.SilkS)
      (effects (font (size 1 1) (thickness 0.15)))
    )
    (fp_text value Tab_S (at 0 -2.5) (layer F.Fab)
      (effects (font (size 1 1) (thickness 0.15)))
    )
    (pad 1 thru_hole circle (at 0 0) (size 3 3) (drill 1.5) (layers *.Cu *.Mask)
      (net 2 GNDA))
  )

  (module Amp_Hall_Effect_Sensor:Tab_S (layer F.Cu) (tedit 5EEB240D) (tstamp 5EEBA66A)
    (at 215.5 171)
    (path /5EEBA5E3)
    (fp_text reference J6 (at 0 2.5) (layer F.SilkS)
      (effects (font (size 1 1) (thickness 0.15)))
    )
    (fp_text value Tab_S (at 4 0) (layer F.Fab)
      (effects (font (size 1 1) (thickness 0.15)))
    )
    (pad 1 thru_hole circle (at 0 0) (size 3 3) (drill 1.5) (layers *.Cu *.Mask)
      (net 4 "Net-(C4-Pad2)"))
  )

  (module Amp_Hall_Effect_Sensor:Tab_S (layer F.Cu) (tedit 5EEB240D) (tstamp 5EEB86F2)
    (at 228 151.5)
    (path /5EEDBE90)
    (fp_text reference J7 (at 0 2.5) (layer F.SilkS)
      (effects (font (size 1 1) (thickness 0.15)))
    )
    (fp_text value Tab_S (at 0 -2.5) (layer F.Fab)
      (effects (font (size 1 1) (thickness 0.15)))
    )
    (pad 1 thru_hole circle (at 0 0) (size 3 3) (drill 1.5) (layers *.Cu *.Mask)
      (net 11 Earth))
  )

  (module Amp_Hall_Effect_Sensor:Hole_M2.5 (layer F.Cu) (tedit 5EEB228B) (tstamp 5EEB86F7)
    (at 193 136.5)
    (path /5EEC4805)
    (fp_text reference MH1 (at 0 4) (layer F.SilkS)
      (effects (font (size 1 1) (thickness 0.15)))
    )
    (fp_text value Hole_M2.5 (at 0 -4) (layer F.Fab)
      (effects (font (size 1 1) (thickness 0.15)))
    )
    (pad 1 thru_hole circle (at 0 0) (size 6 6) (drill 3) (layers *.Cu *.Mask)
      (net 11 Earth))
  )

  (module Amp_Hall_Effect_Sensor:Hole_M2.5 (layer F.Cu) (tedit 5EEB228B) (tstamp 5EEB86FC)
    (at 228 136.5)
    (path /5EEC6071)
    (fp_text reference MH2 (at 0 4) (layer F.SilkS)
      (effects (font (size 1 1) (thickness 0.15)))
    )
    (fp_text value Hole_M2.5 (at 0 -4) (layer F.Fab)
      (effects (font (size 1 1) (thickness 0.15)))
    )
    (pad 1 thru_hole circle (at 0 0) (size 6 6) (drill 3) (layers *.Cu *.Mask)
      (net 11 Earth))
  )

  (module Amp_Hall_Effect_Sensor:Hole_M2.5 (layer F.Cu) (tedit 5EEB228B) (tstamp 5EEB8701)
    (at 193 167)
    (path /5EEC6548)
    (fp_text reference MH3 (at 0 4) (layer F.SilkS)
      (effects (font (size 1 1) (thickness 0.15)))
    )
    (fp_text value Hole_M2.5 (at 0 -4) (layer F.Fab)
      (effects (font (size 1 1) (thickness 0.15)))
    )
    (pad 1 thru_hole circle (at 0 0) (size 6 6) (drill 3) (layers *.Cu *.Mask)
      (net 11 Earth))
  )

  (module Amp_Hall_Effect_Sensor:Hole_M2 (layer F.Cu) (tedit 5EEB2218) (tstamp 5EEBAA45)
    (at 240.5 134)
    (path /5EEB25F7)
    (fp_text reference MH4 (at 0 3.5) (layer F.SilkS)
      (effects (font (size 1 1) (thickness 0.15)))
    )
    (fp_text value Hole_M2 (at 0 -3.5) (layer F.Fab)
      (effects (font (size 1 1) (thickness 0.15)))
    )
    (pad 1 thru_hole circle (at 0 0) (size 5 5) (drill 2.5) (layers *.Cu *.Mask)
      (net 5 "Net-(MH4-Pad1)"))
  )

  (module Amp_Hall_Effect_Sensor:Hole_M2 (layer F.Cu) (tedit 5EEB2218) (tstamp 5EEBAA51)
    (at 250.5 134)
    (path /5EEB4C97)
    (fp_text reference MH5 (at 0 3.5) (layer F.SilkS)
      (effects (font (size 1 1) (thickness 0.15)))
    )
    (fp_text value Hole_M2 (at 0 -3.5) (layer F.Fab)
      (effects (font (size 1 1) (thickness 0.15)))
    )
    (pad 1 thru_hole circle (at 0 0) (size 5 5) (drill 2.5) (layers *.Cu *.Mask)
      (net 6 "Net-(MH5-Pad1)"))
  )

  (module Amp_Hall_Effect_Sensor:Hole_M2 (layer F.Cu) (tedit 5EEB2218) (tstamp 5EEBA6E8)
    (at 205.5 134)
    (path /5EEBA5EB)
    (fp_text reference MH6 (at 0 3.5) (layer F.SilkS)
      (effects (font (size 1 1) (thickness 0.15)))
    )
    (fp_text value Hole_M2 (at 0 -3.5) (layer F.Fab)
      (effects (font (size 1 1) (thickness 0.15)))
    )
    (pad 1 thru_hole circle (at 0 0) (size 5 5) (drill 2.5) (layers *.Cu *.Mask)
      (net 7 "Net-(MH6-Pad1)"))
  )

  (module Amp_Hall_Effect_Sensor:Hole_M2 (layer F.Cu) (tedit 5EEB2218) (tstamp 5EEBA65E)
    (at 215.5 134)
    (path /5EEBA5F4)
    (fp_text reference MH7 (at 0 3.5) (layer F.SilkS)
      (effects (font (size 1 1) (thickness 0.15)))
    )
    (fp_text value Hole_M2 (at 0 -3.5) (layer F.Fab)
      (effects (font (size 1 1) (thickness 0.15)))
    )
    (pad 1 thru_hole circle (at 0 0) (size 5 5) (drill 2.5) (layers *.Cu *.Mask)
      (net 8 "Net-(MH7-Pad1)"))
  )

  (module Amp_Hall_Effect_Sensor:Hole_M2.5 (layer F.Cu) (tedit 5EEB228B) (tstamp 5EEB871A)
    (at 228 167)
    (path /5EEC6A40)
    (fp_text reference MH8 (at 0 4) (layer F.SilkS)
      (effects (font (size 1 1) (thickness 0.15)))
    )
    (fp_text value Hole_M2.5 (at 0 -4) (layer F.Fab)
      (effects (font (size 1 1) (thickness 0.15)))
    )
    (pad 1 thru_hole circle (at 0 0) (size 6 6) (drill 3) (layers *.Cu *.Mask)
      (net 11 Earth))
  )

  (module Amp_Hall_Effect_Sensor:R0805 (layer F.Cu) (tedit 5EEB20E5) (tstamp 5EEB872A)
    (at 228 158.5 270)
    (path /5EEE7862)
    (fp_text reference R1 (at 0 2 90) (layer F.SilkS)
      (effects (font (size 1 1) (thickness 0.15)))
    )
    (fp_text value 0 (at 0 -2 90) (layer F.Fab)
      (effects (font (size 1 1) (thickness 0.15)))
    )
    (fp_line (start -1 -0.6) (end 1 -0.6) (layer F.Fab) (width 0.1))
    (fp_line (start -0.258578 0.71) (end 0.258578 0.71) (layer F.SilkS) (width 0.12))
    (fp_line (start -0.258578 -0.71) (end 0.258578 -0.71) (layer F.SilkS) (width 0.12))
    (fp_line (start 1 0.6) (end -1 0.6) (layer F.Fab) (width 0.1))
    (fp_line (start 1 -0.6) (end 1 0.6) (layer F.Fab) (width 0.1))
    (fp_line (start -1 0.6) (end -1 -0.6) (layer F.Fab) (width 0.1))
    (fp_line (start 1.68 0.95) (end -1.68 0.95) (layer F.CrtYd) (width 0.05))
    (fp_line (start 1.68 -0.95) (end 1.68 0.95) (layer F.CrtYd) (width 0.05))
    (fp_line (start -1.68 -0.95) (end 1.68 -0.95) (layer F.CrtYd) (width 0.05))
    (fp_line (start -1.68 0.95) (end -1.68 -0.95) (layer F.CrtYd) (width 0.05))
    (pad 1 smd roundrect (at -0.9375 0 270) (size 0.975 1.4) (layers F.Cu F.Paste F.Mask) (roundrect_rratio 0.25)
      (net 11 Earth))
    (pad 2 smd roundrect (at 0.9375 0 270) (size 0.975 1.4) (layers F.Cu F.Paste F.Mask) (roundrect_rratio 0.25)
      (net 2 GNDA))
  )

  (module Amp_Hall_Effect_Sensor:R0805 (layer F.Cu) (tedit 5EEB20E5) (tstamp 5EEBA8B8)
    (at 250.5 166 90)
    (path /5EEA757C)
    (fp_text reference R2 (at 2.5 0 180) (layer F.SilkS)
      (effects (font (size 1 1) (thickness 0.15)))
    )
    (fp_text value 10k (at -2.5 -1 180) (layer F.Fab)
      (effects (font (size 1 1) (thickness 0.15)))
    )
    (fp_line (start -1.68 0.95) (end -1.68 -0.95) (layer F.CrtYd) (width 0.05))
    (fp_line (start -1.68 -0.95) (end 1.68 -0.95) (layer F.CrtYd) (width 0.05))
    (fp_line (start 1.68 -0.95) (end 1.68 0.95) (layer F.CrtYd) (width 0.05))
    (fp_line (start 1.68 0.95) (end -1.68 0.95) (layer F.CrtYd) (width 0.05))
    (fp_line (start -1 0.6) (end -1 -0.6) (layer F.Fab) (width 0.1))
    (fp_line (start 1 -0.6) (end 1 0.6) (layer F.Fab) (width 0.1))
    (fp_line (start 1 0.6) (end -1 0.6) (layer F.Fab) (width 0.1))
    (fp_line (start -0.258578 -0.71) (end 0.258578 -0.71) (layer F.SilkS) (width 0.12))
    (fp_line (start -0.258578 0.71) (end 0.258578 0.71) (layer F.SilkS) (width 0.12))
    (fp_line (start -1 -0.6) (end 1 -0.6) (layer F.Fab) (width 0.1))
    (pad 2 smd roundrect (at 0.9375 0 90) (size 0.975 1.4) (layers F.Cu F.Paste F.Mask) (roundrect_rratio 0.25)
      (net 9 "Net-(R2-Pad2)"))
    (pad 1 smd roundrect (at -0.9375 0 90) (size 0.975 1.4) (layers F.Cu F.Paste F.Mask) (roundrect_rratio 0.25)
      (net 3 "Net-(C2-Pad2)"))
  )

  (module Amp_Hall_Effect_Sensor:R0805 (layer F.Cu) (tedit 5EEB20E5) (tstamp 5EEBA68D)
    (at 215.5 166 90)
    (path /5EEBA5B3)
    (fp_text reference R3 (at 2.5 0 180) (layer F.SilkS)
      (effects (font (size 1 1) (thickness 0.15)))
    )
    (fp_text value 10k (at -2.5 -1 180) (layer F.Fab)
      (effects (font (size 1 1) (thickness 0.15)))
    )
    (fp_line (start -1 -0.6) (end 1 -0.6) (layer F.Fab) (width 0.1))
    (fp_line (start -0.258578 0.71) (end 0.258578 0.71) (layer F.SilkS) (width 0.12))
    (fp_line (start -0.258578 -0.71) (end 0.258578 -0.71) (layer F.SilkS) (width 0.12))
    (fp_line (start 1 0.6) (end -1 0.6) (layer F.Fab) (width 0.1))
    (fp_line (start 1 -0.6) (end 1 0.6) (layer F.Fab) (width 0.1))
    (fp_line (start -1 0.6) (end -1 -0.6) (layer F.Fab) (width 0.1))
    (fp_line (start 1.68 0.95) (end -1.68 0.95) (layer F.CrtYd) (width 0.05))
    (fp_line (start 1.68 -0.95) (end 1.68 0.95) (layer F.CrtYd) (width 0.05))
    (fp_line (start -1.68 -0.95) (end 1.68 -0.95) (layer F.CrtYd) (width 0.05))
    (fp_line (start -1.68 0.95) (end -1.68 -0.95) (layer F.CrtYd) (width 0.05))
    (pad 1 smd roundrect (at -0.9375 0 90) (size 0.975 1.4) (layers F.Cu F.Paste F.Mask) (roundrect_rratio 0.25)
      (net 4 "Net-(C4-Pad2)"))
    (pad 2 smd roundrect (at 0.9375 0 90) (size 0.975 1.4) (layers F.Cu F.Paste F.Mask) (roundrect_rratio 0.25)
      (net 10 "Net-(R3-Pad2)"))
  )

  (module Amp_Hall_Effect_Sensor:ACS758LCB-050B-PFF-T (layer F.Cu) (tedit 5EEB20D4) (tstamp 5EEBA985)
    (at 245.5 152)
    (path /5EEA2952)
    (fp_text reference U1 (at 0 15) (layer F.SilkS)
      (effects (font (size 1 1) (thickness 0.15)))
    )
    (fp_text value ACS758LCB-050B-PFF-T (at 0 -13) (layer F.Fab)
      (effects (font (size 1 1) (thickness 0.15)))
    )
    (fp_line (start 1.655 10.22) (end 1.655 12.1) (layer F.SilkS) (width 0.12))
    (fp_line (start 7.25 -5.2) (end 9.79 -5.2) (layer F.CrtYd) (width 0.05))
    (fp_line (start -1.91 9.2) (end -1.01 10.1) (layer F.Fab) (width 0.1))
    (fp_line (start -2.165 10.22) (end -2.165 12.1) (layer F.SilkS) (width 0.12))
    (fp_line (start -9.81 -5.2) (end -9.81 -11.65) (layer F.CrtYd) (width 0.05))
    (fp_line (start 2.165 10.22) (end 2.165 12.1) (layer F.SilkS) (width 0.12))
    (fp_line (start 0.255 10.1) (end 0.255 13.19) (layer F.Fab) (width 0.1))
    (fp_line (start -2.91 10.35) (end -5.25 10.35) (layer F.CrtYd) (width 0.05))
    (fp_line (start -2.91 10.35) (end -2.91 14) (layer F.CrtYd) (width 0.05))
    (fp_line (start 2.91 10.35) (end 5.25 10.35) (layer F.CrtYd) (width 0.05))
    (fp_line (start 2.165 10.1) (end 2.165 13.19) (layer F.Fab) (width 0.1))
    (fp_line (start -7.25 5.95) (end -7.25 -5.2) (layer F.CrtYd) (width 0.05))
    (fp_line (start -1.655 10.22) (end -1.655 12.1) (layer F.SilkS) (width 0.12))
    (fp_line (start -0.255 10.22) (end -0.255 12.1) (layer F.SilkS) (width 0.12))
    (fp_line (start 9.79 -11.65) (end 9.79 -5.2) (layer F.CrtYd) (width 0.05))
    (fp_line (start -9.81 -5.2) (end -7.25 -5.2) (layer F.CrtYd) (width 0.05))
    (fp_line (start 0.255 10.22) (end 0.255 12.1) (layer F.SilkS) (width 0.12))
    (fp_line (start -9.81 -11.65) (end 9.79 -11.65) (layer F.CrtYd) (width 0.05))
    (fp_line (start -1.655 10.1) (end -1.655 13.19) (layer F.Fab) (width 0.1))
    (fp_line (start -5.25 5.95) (end -7.25 5.95) (layer F.CrtYd) (width 0.05))
    (fp_line (start 2.91 10.35) (end 2.91 14) (layer F.CrtYd) (width 0.05))
    (fp_line (start -2.81 10.1) (end -1.91 9.2) (layer F.Fab) (width 0.1))
    (fp_line (start 5.12 10.22) (end -5.12 10.22) (layer F.SilkS) (width 0.12))
    (fp_line (start 5.12 5.82) (end 7.12 5.82) (layer F.SilkS) (width 0.12))
    (fp_line (start 3 -2.9) (end 3 -8.9) (layer F.Fab) (width 0.1))
    (fp_line (start -7 -8.9) (end -3 -8.9) (layer F.Fab) (width 0.1))
    (fp_line (start 5 10.1) (end -5 10.1) (layer F.Fab) (width 0.1))
    (fp_line (start 5.25 5.95) (end 5.25 10.35) (layer F.CrtYd) (width 0.05))
    (fp_line (start -0.255 10.1) (end -0.255 13.19) (layer F.Fab) (width 0.1))
    (fp_line (start -2.88 -3.02) (end -2.88 -5.1) (layer F.SilkS) (width 0.12))
    (fp_line (start 2.88 -3.02) (end 2.88 -5.1) (layer F.SilkS) (width 0.12))
    (fp_line (start 7.12 5.82) (end 7.12 -5.1) (layer F.SilkS) (width 0.12))
    (fp_line (start -5.12 5.82) (end -7.12 5.82) (layer F.SilkS) (width 0.12))
    (fp_line (start 7 5.7) (end 7 -8.9) (layer F.Fab) (width 0.1))
    (fp_line (start -7 5.7) (end -7 -8.9) (layer F.Fab) (width 0.1))
    (fp_line (start 1.655 10.1) (end 1.655 13.19) (layer F.Fab) (width 0.1))
    (fp_line (start -7.12 5.82) (end -7.12 -5.1) (layer F.SilkS) (width 0.12))
    (fp_line (start -5 -2.9) (end -5 10.1) (layer F.Fab) (width 0.1))
    (fp_line (start -1.91 9.2) (end -1.01 10.1) (layer F.Fab) (width 0.1))
    (fp_line (start 7 -8.9) (end 3 -8.9) (layer F.Fab) (width 0.1))
    (fp_line (start -5 -2.9) (end 5 -2.9) (layer F.Fab) (width 0.1))
    (fp_line (start -7 5.7) (end -5 5.7) (layer F.Fab) (width 0.1))
    (fp_line (start -2.81 10.1) (end -1.91 9.2) (layer F.Fab) (width 0.1))
    (fp_line (start 5.12 10.22) (end 5.12 5.82) (layer F.SilkS) (width 0.12))
    (fp_line (start 5.25 5.95) (end 7.25 5.95) (layer F.CrtYd) (width 0.05))
    (fp_line (start 5 5.7) (end 7 5.7) (layer F.Fab) (width 0.1))
    (fp_line (start -2.88 -3.02) (end 2.88 -3.02) (layer F.SilkS) (width 0.12))
    (fp_line (start 2.91 14) (end -2.91 14) (layer F.CrtYd) (width 0.05))
    (fp_line (start 5 -2.9) (end 5 10.1) (layer F.Fab) (width 0.1))
    (fp_line (start -2.165 10.1) (end -2.165 13.19) (layer F.Fab) (width 0.1))
    (fp_line (start -5.25 5.95) (end -5.25 10.35) (layer F.CrtYd) (width 0.05))
    (fp_line (start -3 -2.9) (end -3 -8.9) (layer F.Fab) (width 0.1))
    (fp_line (start 7.25 5.95) (end 7.25 -5.2) (layer F.CrtYd) (width 0.05))
    (fp_line (start -5.12 10.22) (end -5.12 5.82) (layer F.SilkS) (width 0.12))
    (pad 5 thru_hole circle (at -7 -6.35) (size 0.8 0.8) (drill 0.5) (layers *.Cu *.Mask)
      (net 5 "Net-(MH4-Pad1)"))
    (pad 4 thru_hole circle (at 3 -6.35) (size 0.8 0.8) (drill 0.5) (layers *.Cu *.Mask)
      (net 6 "Net-(MH5-Pad1)"))
    (pad 5 thru_hole circle (at -8.95 -7.77) (size 0.8 0.8) (drill 0.5) (layers *.Cu *.Mask)
      (net 5 "Net-(MH4-Pad1)"))
    (pad 1 thru_hole rect (at -1.91 13) (size 1.5 1.5) (drill 0.8) (layers *.Cu *.Mask)
      (net 1 +5V))
    (pad 5 thru_hole circle (at -1.8 -6.74) (size 0.8 0.8) (drill 0.5) (layers *.Cu *.Mask)
      (net 5 "Net-(MH4-Pad1)"))
    (pad 5 thru_hole circle (at -4.33 -6.35) (size 0.8 0.8) (drill 0.5) (layers *.Cu *.Mask)
      (net 5 "Net-(MH4-Pad1)"))
    (pad 5 thru_hole circle (at -4.33 -10.45) (size 0.8 0.8) (drill 0.5) (layers *.Cu *.Mask)
      (net 5 "Net-(MH4-Pad1)"))
    (pad 4 thru_hole circle (at 5.67 -10.45) (size 0.8 0.8) (drill 0.5) (layers *.Cu *.Mask)
      (net 6 "Net-(MH5-Pad1)"))
    (pad 4 thru_hole circle (at 1.8 -10.06) (size 0.8 0.8) (drill 0.5) (layers *.Cu *.Mask)
      (net 6 "Net-(MH5-Pad1)"))
    (pad 4 thru_hole circle (at 8.2 -10.06) (size 0.8 0.8) (drill 0.5) (layers *.Cu *.Mask)
      (net 6 "Net-(MH5-Pad1)"))
    (pad 4 thru_hole circle (at 7 -10.45) (size 0.8 0.8) (drill 0.5) (layers *.Cu *.Mask)
      (net 6 "Net-(MH5-Pad1)"))
    (pad 5 thru_hole oval (at -5 -8.4) (size 9 6) (drill oval 6 2) (layers *.Cu *.Mask)
      (net 5 "Net-(MH4-Pad1)"))
    (pad 4 thru_hole oval (at 5 -8.4) (size 9 6) (drill oval 6 2) (layers *.Cu *.Mask)
      (net 6 "Net-(MH5-Pad1)"))
    (pad 3 thru_hole circle (at 1.91 13) (size 1.5 1.5) (drill 0.8) (layers *.Cu *.Mask)
      (net 9 "Net-(R2-Pad2)"))
    (pad 2 thru_hole circle (at 0 13) (size 1.5 1.5) (drill 0.8) (layers *.Cu *.Mask)
      (net 2 GNDA))
    (pad 4 thru_hole circle (at 3 -10.45) (size 0.8 0.8) (drill 0.5) (layers *.Cu *.Mask)
      (net 6 "Net-(MH5-Pad1)"))
    (pad 5 thru_hole circle (at -8.2 -10.06) (size 0.8 0.8) (drill 0.5) (layers *.Cu *.Mask)
      (net 5 "Net-(MH4-Pad1)"))
    (pad 5 thru_hole oval (at -1.05 -7.77 65) (size 0.8 0.8) (drill 0.5) (layers *.Cu *.Mask)
      (net 5 "Net-(MH4-Pad1)"))
    (pad 5 thru_hole circle (at -8.2 -6.74) (size 0.8 0.8) (drill 0.5) (layers *.Cu *.Mask)
      (net 5 "Net-(MH4-Pad1)"))
    (pad 5 thru_hole circle (at -5.67 -6.35) (size 0.8 0.8) (drill 0.5) (layers *.Cu *.Mask)
      (net 5 "Net-(MH4-Pad1)"))
    (pad 4 thru_hole circle (at 8.95 -9.03) (size 0.8 0.8) (drill 0.5) (layers *.Cu *.Mask)
      (net 6 "Net-(MH5-Pad1)"))
    (pad 5 thru_hole circle (at -5.67 -10.45) (size 0.8 0.8) (drill 0.5) (layers *.Cu *.Mask)
      (net 5 "Net-(MH4-Pad1)"))
    (pad 4 thru_hole circle (at 8.95 -7.77) (size 0.8 0.8) (drill 0.5) (layers *.Cu *.Mask)
      (net 6 "Net-(MH5-Pad1)"))
    (pad 4 thru_hole circle (at 1.8 -6.74) (size 0.8 0.8) (drill 0.5) (layers *.Cu *.Mask)
      (net 6 "Net-(MH5-Pad1)"))
    (pad 5 thru_hole circle (at -7 -10.45) (size 0.8 0.8) (drill 0.5) (layers *.Cu *.Mask)
      (net 5 "Net-(MH4-Pad1)"))
    (pad 4 thru_hole oval (at 1.05 -7.77 295) (size 0.8 0.8) (drill 0.5) (layers *.Cu *.Mask)
      (net 6 "Net-(MH5-Pad1)"))
    (pad 4 thru_hole circle (at 8.2 -6.74) (size 0.8 0.8) (drill 0.5) (layers *.Cu *.Mask)
      (net 6 "Net-(MH5-Pad1)"))
    (pad 4 thru_hole circle (at 5.67 -6.35) (size 0.8 0.8) (drill 0.5) (layers *.Cu *.Mask)
      (net 6 "Net-(MH5-Pad1)"))
    (pad 5 thru_hole oval (at -1.05 -9.03 295) (size 0.8 0.8) (drill 0.5) (layers *.Cu *.Mask)
      (net 5 "Net-(MH4-Pad1)"))
    (pad 5 thru_hole circle (at -1.8 -10.06) (size 0.8 0.8) (drill 0.5) (layers *.Cu *.Mask)
      (net 5 "Net-(MH4-Pad1)"))
    (pad 4 thru_hole circle (at 4.33 -6.35) (size 0.8 0.8) (drill 0.5) (layers *.Cu *.Mask)
      (net 6 "Net-(MH5-Pad1)"))
    (pad 4 thru_hole circle (at 4.33 -10.45) (size 0.8 0.8) (drill 0.5) (layers *.Cu *.Mask)
      (net 6 "Net-(MH5-Pad1)"))
    (pad 5 thru_hole circle (at -8.95 -9.03) (size 0.8 0.8) (drill 0.5) (layers *.Cu *.Mask)
      (net 5 "Net-(MH4-Pad1)"))
    (pad 5 thru_hole circle (at -3 -6.35) (size 0.8 0.8) (drill 0.5) (layers *.Cu *.Mask)
      (net 5 "Net-(MH4-Pad1)"))
    (pad 5 thru_hole circle (at -3 -10.45) (size 0.8 0.8) (drill 0.5) (layers *.Cu *.Mask)
      (net 5 "Net-(MH4-Pad1)"))
    (pad 4 thru_hole oval (at 1.05 -9.03 65) (size 0.8 0.8) (drill 0.5) (layers *.Cu *.Mask)
      (net 6 "Net-(MH5-Pad1)"))
    (pad 4 thru_hole circle (at 7 -6.35) (size 0.8 0.8) (drill 0.5) (layers *.Cu *.Mask)
      (net 6 "Net-(MH5-Pad1)"))
  )

  (module Amp_Hall_Effect_Sensor:ACS758LCB-050B-PFF-T (layer F.Cu) (tedit 5EEB20D4) (tstamp 5EEBA59E)
    (at 210.5 152)
    (path /5EEBA5A3)
    (fp_text reference U2 (at 0 15) (layer F.SilkS)
      (effects (font (size 1 1) (thickness 0.15)))
    )
    (fp_text value ACS758LCB-050B-PFF-T (at 0 -13) (layer F.Fab)
      (effects (font (size 1 1) (thickness 0.15)))
    )
    (fp_line (start -5.12 10.22) (end -5.12 5.82) (layer F.SilkS) (width 0.12))
    (fp_line (start 7.25 5.95) (end 7.25 -5.2) (layer F.CrtYd) (width 0.05))
    (fp_line (start -3 -2.9) (end -3 -8.9) (layer F.Fab) (width 0.1))
    (fp_line (start -5.25 5.95) (end -5.25 10.35) (layer F.CrtYd) (width 0.05))
    (fp_line (start -2.165 10.1) (end -2.165 13.19) (layer F.Fab) (width 0.1))
    (fp_line (start 5 -2.9) (end 5 10.1) (layer F.Fab) (width 0.1))
    (fp_line (start 2.91 14) (end -2.91 14) (layer F.CrtYd) (width 0.05))
    (fp_line (start -2.88 -3.02) (end 2.88 -3.02) (layer F.SilkS) (width 0.12))
    (fp_line (start 5 5.7) (end 7 5.7) (layer F.Fab) (width 0.1))
    (fp_line (start 5.25 5.95) (end 7.25 5.95) (layer F.CrtYd) (width 0.05))
    (fp_line (start 5.12 10.22) (end 5.12 5.82) (layer F.SilkS) (width 0.12))
    (fp_line (start -2.81 10.1) (end -1.91 9.2) (layer F.Fab) (width 0.1))
    (fp_line (start -7 5.7) (end -5 5.7) (layer F.Fab) (width 0.1))
    (fp_line (start -5 -2.9) (end 5 -2.9) (layer F.Fab) (width 0.1))
    (fp_line (start 7 -8.9) (end 3 -8.9) (layer F.Fab) (width 0.1))
    (fp_line (start -1.91 9.2) (end -1.01 10.1) (layer F.Fab) (width 0.1))
    (fp_line (start -5 -2.9) (end -5 10.1) (layer F.Fab) (width 0.1))
    (fp_line (start -7.12 5.82) (end -7.12 -5.1) (layer F.SilkS) (width 0.12))
    (fp_line (start 1.655 10.1) (end 1.655 13.19) (layer F.Fab) (width 0.1))
    (fp_line (start -7 5.7) (end -7 -8.9) (layer F.Fab) (width 0.1))
    (fp_line (start 7 5.7) (end 7 -8.9) (layer F.Fab) (width 0.1))
    (fp_line (start -5.12 5.82) (end -7.12 5.82) (layer F.SilkS) (width 0.12))
    (fp_line (start 7.12 5.82) (end 7.12 -5.1) (layer F.SilkS) (width 0.12))
    (fp_line (start 2.88 -3.02) (end 2.88 -5.1) (layer F.SilkS) (width 0.12))
    (fp_line (start -2.88 -3.02) (end -2.88 -5.1) (layer F.SilkS) (width 0.12))
    (fp_line (start -0.255 10.1) (end -0.255 13.19) (layer F.Fab) (width 0.1))
    (fp_line (start 5.25 5.95) (end 5.25 10.35) (layer F.CrtYd) (width 0.05))
    (fp_line (start 5 10.1) (end -5 10.1) (layer F.Fab) (width 0.1))
    (fp_line (start -7 -8.9) (end -3 -8.9) (layer F.Fab) (width 0.1))
    (fp_line (start 3 -2.9) (end 3 -8.9) (layer F.Fab) (width 0.1))
    (fp_line (start 5.12 5.82) (end 7.12 5.82) (layer F.SilkS) (width 0.12))
    (fp_line (start 5.12 10.22) (end -5.12 10.22) (layer F.SilkS) (width 0.12))
    (fp_line (start -2.81 10.1) (end -1.91 9.2) (layer F.Fab) (width 0.1))
    (fp_line (start 2.91 10.35) (end 2.91 14) (layer F.CrtYd) (width 0.05))
    (fp_line (start -5.25 5.95) (end -7.25 5.95) (layer F.CrtYd) (width 0.05))
    (fp_line (start -1.655 10.1) (end -1.655 13.19) (layer F.Fab) (width 0.1))
    (fp_line (start -9.81 -11.65) (end 9.79 -11.65) (layer F.CrtYd) (width 0.05))
    (fp_line (start 0.255 10.22) (end 0.255 12.1) (layer F.SilkS) (width 0.12))
    (fp_line (start -9.81 -5.2) (end -7.25 -5.2) (layer F.CrtYd) (width 0.05))
    (fp_line (start 9.79 -11.65) (end 9.79 -5.2) (layer F.CrtYd) (width 0.05))
    (fp_line (start -0.255 10.22) (end -0.255 12.1) (layer F.SilkS) (width 0.12))
    (fp_line (start -1.655 10.22) (end -1.655 12.1) (layer F.SilkS) (width 0.12))
    (fp_line (start -7.25 5.95) (end -7.25 -5.2) (layer F.CrtYd) (width 0.05))
    (fp_line (start 2.165 10.1) (end 2.165 13.19) (layer F.Fab) (width 0.1))
    (fp_line (start 2.91 10.35) (end 5.25 10.35) (layer F.CrtYd) (width 0.05))
    (fp_line (start -2.91 10.35) (end -2.91 14) (layer F.CrtYd) (width 0.05))
    (fp_line (start -2.91 10.35) (end -5.25 10.35) (layer F.CrtYd) (width 0.05))
    (fp_line (start 0.255 10.1) (end 0.255 13.19) (layer F.Fab) (width 0.1))
    (fp_line (start 2.165 10.22) (end 2.165 12.1) (layer F.SilkS) (width 0.12))
    (fp_line (start -9.81 -5.2) (end -9.81 -11.65) (layer F.CrtYd) (width 0.05))
    (fp_line (start -2.165 10.22) (end -2.165 12.1) (layer F.SilkS) (width 0.12))
    (fp_line (start -1.91 9.2) (end -1.01 10.1) (layer F.Fab) (width 0.1))
    (fp_line (start 7.25 -5.2) (end 9.79 -5.2) (layer F.CrtYd) (width 0.05))
    (fp_line (start 1.655 10.22) (end 1.655 12.1) (layer F.SilkS) (width 0.12))
    (pad 4 thru_hole circle (at 7 -6.35) (size 0.8 0.8) (drill 0.5) (layers *.Cu *.Mask)
      (net 8 "Net-(MH7-Pad1)"))
    (pad 4 thru_hole oval (at 1.05 -9.03 65) (size 0.8 0.8) (drill 0.5) (layers *.Cu *.Mask)
      (net 8 "Net-(MH7-Pad1)"))
    (pad 5 thru_hole circle (at -3 -10.45) (size 0.8 0.8) (drill 0.5) (layers *.Cu *.Mask)
      (net 7 "Net-(MH6-Pad1)"))
    (pad 5 thru_hole circle (at -3 -6.35) (size 0.8 0.8) (drill 0.5) (layers *.Cu *.Mask)
      (net 7 "Net-(MH6-Pad1)"))
    (pad 5 thru_hole circle (at -8.95 -9.03) (size 0.8 0.8) (drill 0.5) (layers *.Cu *.Mask)
      (net 7 "Net-(MH6-Pad1)"))
    (pad 4 thru_hole circle (at 4.33 -10.45) (size 0.8 0.8) (drill 0.5) (layers *.Cu *.Mask)
      (net 8 "Net-(MH7-Pad1)"))
    (pad 4 thru_hole circle (at 4.33 -6.35) (size 0.8 0.8) (drill 0.5) (layers *.Cu *.Mask)
      (net 8 "Net-(MH7-Pad1)"))
    (pad 5 thru_hole circle (at -1.8 -10.06) (size 0.8 0.8) (drill 0.5) (layers *.Cu *.Mask)
      (net 7 "Net-(MH6-Pad1)"))
    (pad 5 thru_hole oval (at -1.05 -9.03 295) (size 0.8 0.8) (drill 0.5) (layers *.Cu *.Mask)
      (net 7 "Net-(MH6-Pad1)"))
    (pad 4 thru_hole circle (at 5.67 -6.35) (size 0.8 0.8) (drill 0.5) (layers *.Cu *.Mask)
      (net 8 "Net-(MH7-Pad1)"))
    (pad 4 thru_hole circle (at 8.2 -6.74) (size 0.8 0.8) (drill 0.5) (layers *.Cu *.Mask)
      (net 8 "Net-(MH7-Pad1)"))
    (pad 4 thru_hole oval (at 1.05 -7.77 295) (size 0.8 0.8) (drill 0.5) (layers *.Cu *.Mask)
      (net 8 "Net-(MH7-Pad1)"))
    (pad 5 thru_hole circle (at -7 -10.45) (size 0.8 0.8) (drill 0.5) (layers *.Cu *.Mask)
      (net 7 "Net-(MH6-Pad1)"))
    (pad 4 thru_hole circle (at 1.8 -6.74) (size 0.8 0.8) (drill 0.5) (layers *.Cu *.Mask)
      (net 8 "Net-(MH7-Pad1)"))
    (pad 4 thru_hole circle (at 8.95 -7.77) (size 0.8 0.8) (drill 0.5) (layers *.Cu *.Mask)
      (net 8 "Net-(MH7-Pad1)"))
    (pad 5 thru_hole circle (at -5.67 -10.45) (size 0.8 0.8) (drill 0.5) (layers *.Cu *.Mask)
      (net 7 "Net-(MH6-Pad1)"))
    (pad 4 thru_hole circle (at 8.95 -9.03) (size 0.8 0.8) (drill 0.5) (layers *.Cu *.Mask)
      (net 8 "Net-(MH7-Pad1)"))
    (pad 5 thru_hole circle (at -5.67 -6.35) (size 0.8 0.8) (drill 0.5) (layers *.Cu *.Mask)
      (net 7 "Net-(MH6-Pad1)"))
    (pad 5 thru_hole circle (at -8.2 -6.74) (size 0.8 0.8) (drill 0.5) (layers *.Cu *.Mask)
      (net 7 "Net-(MH6-Pad1)"))
    (pad 5 thru_hole oval (at -1.05 -7.77 65) (size 0.8 0.8) (drill 0.5) (layers *.Cu *.Mask)
      (net 7 "Net-(MH6-Pad1)"))
    (pad 5 thru_hole circle (at -8.2 -10.06) (size 0.8 0.8) (drill 0.5) (layers *.Cu *.Mask)
      (net 7 "Net-(MH6-Pad1)"))
    (pad 4 thru_hole circle (at 3 -10.45) (size 0.8 0.8) (drill 0.5) (layers *.Cu *.Mask)
      (net 8 "Net-(MH7-Pad1)"))
    (pad 2 thru_hole circle (at 0 13) (size 1.5 1.5) (drill 0.8) (layers *.Cu *.Mask)
      (net 2 GNDA))
    (pad 3 thru_hole circle (at 1.91 13) (size 1.5 1.5) (drill 0.8) (layers *.Cu *.Mask)
      (net 10 "Net-(R3-Pad2)"))
    (pad 4 thru_hole oval (at 5 -8.4) (size 9 6) (drill oval 6 2) (layers *.Cu *.Mask)
      (net 8 "Net-(MH7-Pad1)"))
    (pad 5 thru_hole oval (at -5 -8.4) (size 9 6) (drill oval 6 2) (layers *.Cu *.Mask)
      (net 7 "Net-(MH6-Pad1)"))
    (pad 4 thru_hole circle (at 7 -10.45) (size 0.8 0.8) (drill 0.5) (layers *.Cu *.Mask)
      (net 8 "Net-(MH7-Pad1)"))
    (pad 4 thru_hole circle (at 8.2 -10.06) (size 0.8 0.8) (drill 0.5) (layers *.Cu *.Mask)
      (net 8 "Net-(MH7-Pad1)"))
    (pad 4 thru_hole circle (at 1.8 -10.06) (size 0.8 0.8) (drill 0.5) (layers *.Cu *.Mask)
      (net 8 "Net-(MH7-Pad1)"))
    (pad 4 thru_hole circle (at 5.67 -10.45) (size 0.8 0.8) (drill 0.5) (layers *.Cu *.Mask)
      (net 8 "Net-(MH7-Pad1)"))
    (pad 5 thru_hole circle (at -4.33 -10.45) (size 0.8 0.8) (drill 0.5) (layers *.Cu *.Mask)
      (net 7 "Net-(MH6-Pad1)"))
